microns throughput
3.711832762 9.940106414618357e-05
3.713183993 0.00010507853538767258
3.714535225 0.0001110431017840403
3.7158864560000002 0.00011788068771329829
3.717237688 0.00012566946512432455
3.7185889189999997 0.00013410318751321383
3.719940151 0.0001428065489199235
3.721291382 0.00015186998598122479
3.7226426139999997 0.000162043038445437
3.723993845 0.00017340164949545628
3.725345076 0.0001851779292194764
3.726696308 0.0001972011440441112
3.7280475390000003 0.00020970626171939717
3.729398771 0.0002230895664394846
3.730750002 0.00023807396436469432
3.7321012340000004 0.00025451116466694714
3.733452465 0.000271741323796498
3.7348036959999997 0.00028991410281842646
3.736154928 0.0003097071425787457
3.737506159 0.00033067268792894814
3.738857391 0.00035333399523131343
3.740208622 0.0003771727750751875
3.741559854 0.00040205302939996806
3.7429110850000002 0.00042795208973468897
3.744262317 0.0004553298053144884
3.7456135479999997 0.0004843294067332001
3.746964779 0.0005152729513804868
3.748316011 0.0005479626250274455
3.749667242 0.0005827075374264222
3.751018474 0.0006201419405905625
3.752369705 0.0006599786428078284
3.753720937 0.000701959493563029
3.7550721680000003 0.0007462573928970918
3.7564234 0.0007929524721864744
3.757774631 0.0008424763237339247
3.759125862 0.0008950148457221799
3.7604770939999996 0.0009501792940454561
3.7618283249999998 0.0010081729708261945
3.763179557 0.0010694056737273955
3.764530788 0.0011339115153191734
3.76588202 0.0012019768837665326
3.767233251 0.001273717458556677
3.768584482 0.0013491018694331415
3.7699357140000003 0.001428615458243114
3.771286945 0.0015123256474547544
3.7726381769999997 0.0016000015721296828
3.773989408 0.001692110464919096
3.77534064 0.0017889972936339575
3.776691871 0.001892244876109786
3.778043103 0.002000221172304468
3.779394334 0.002113240979936035
3.780745565 0.002232188329448329
3.7820967970000003 0.0023577637713888882
3.7834480279999996 0.0024902370917756827
3.7847992599999998 0.0026297231619670674
3.786150491 0.0027770328237962313
3.7875017229999997 0.0029327761985474847
3.7888529539999998 0.0030972474646865688
3.790204185 0.003271070857307304
3.791555417 0.0034541706337684304
3.792906648 0.0036480073893551605
3.79425788 0.0038537675496836373
3.795609111 0.004072098630007276
3.7969603430000003 0.0043039267572646065
3.798311574 0.004550737365109138
3.7996628059999997 0.004813188090227566
3.801014037 0.005093364031941787
3.802365268 0.005392538864571627
3.8037165 0.005711841586583985
3.8050677310000003 0.006053042390062598
3.806418963 0.006418300314139619
3.807770194 0.0068090406508304335
3.8091214260000004 0.007227273720495669
3.8104726569999996 0.007675660203851528
3.811823889 0.00815608853794837
3.81317512 0.008671755537113803
3.814526351 0.009226059607254887
3.815877583 0.009822349836191705
3.817228814 0.010467378896775181
3.818580046 0.011170287806627453
3.8199312770000002 0.011918459542571286
3.821282509 0.012726157076642045
3.82263374 0.013599350779733356
3.823984971 0.014544006630570058
3.825336203 0.015565996321254221
3.826687434 0.016671882309729335
3.828038666 0.017868793551669673
3.829389897 0.01916502339985942
3.830741129 0.020569890653426084
3.8320923600000003 0.022092851229624993
3.833443592 0.023744419154984653
3.834794823 0.0255362158379928
3.836146054 0.027480402919657667
3.8374972859999996 0.029590080067102495
3.8388485169999997 0.03190944004567652
3.840199749 0.03440092694712224
3.84155098 0.0370963788115946
3.842902212 0.04001764786236284
3.844253443 0.04318123741424415
3.845604674 0.04660451567105081
3.8469559060000003 0.050305911143388164
3.848307137 0.054303836271352615
3.849658369 0.05861681268498051
3.8510096 0.06326272505969315
3.852360832 0.06826022189554053
3.853712063 0.07362768525024017
3.855063295 0.07938122417405694
3.856414526 0.08553508271286114
3.857765757 0.09218300505235597
3.859116989 0.09920320753206263
3.86046822 0.10662648636600779
3.861819452 0.11448202952819085
3.863170683 0.12276741556002431
3.8645219149999996 0.13147683015143752
3.8658731459999998 0.1406008816345033
3.867224377 0.15012427515606827
3.868575609 0.1600269084330322
3.86992684 0.17028609655944563
3.871278072 0.18086715486492105
3.872629303 0.19173615906485392
3.8739805350000003 0.20285390923427576
3.875331766 0.21417550914100741
3.876682998 0.22565034585731975
3.878034229 0.23722952647661621
3.87938546 0.2488549542954379
3.880736692 0.26047410606156296
3.882087923 0.27203506044570347
3.883439155 0.2834826915322879
3.884790386 0.29476402762362974
3.886141618 0.30583276241238333
3.887492849 0.3166471401054834
3.8888440810000002 0.32716471801236424
3.890195312 0.33735634197534503
3.891546543 0.3471927046009383
3.892897775 0.356650323586992
3.894249006 0.36571247141682806
3.895600238 0.3743716176995421
3.8969514690000002 0.3826129227366505
3.898302701 0.3908845269750362
3.899653932 0.39830179638531904
3.9010051629999998 0.40530542671787906
3.902356395 0.4119070777169914
3.903707626 0.41812432003129874
3.905058858 0.42397034634848185
3.906410089 0.4294568457787437
3.9077613209999997 0.4346091574335229
3.909112552 0.439445122705859
3.910463784 0.4439794174541546
3.911815015 0.44823716892561505
3.913166246 0.4522256494461727
3.914517478 0.4562158278517109
3.9158687089999997 0.4599501039790818
3.917219941 0.46321299455290527
3.918571172 0.46625796434500955
3.919922404 0.4690980631851546
3.921273635 0.4717507676751248
3.922624866 0.47422007912765274
3.9239760980000002 0.4765165479869236
3.9253273290000004 0.47865764925334564
3.926678561 0.48064666915430493
3.928029792 0.48248995651959237
3.929381024 0.48420104292380095
3.9307322549999997 0.4857777287468674
3.932083487 0.4872262894538745
3.933434718 0.48856258980701417
3.934785949 0.4897926641461102
3.936137181 0.4909182761820282
3.937488412 0.49222641466330397
3.938839644 0.49346371108532394
3.940190875 0.4943347168073331
3.941542107 0.49519024513794485
3.9428933379999997 0.49597828359911067
3.944244569 0.4966973852404012
3.945595801 0.49735476414703794
3.946947032 0.49795813747740697
3.948298264 0.4985088799137066
3.949649495 0.49900984238119317
3.9510007270000003 0.49941141373558806
3.9523519580000004 0.49975405298298603
3.95370319 0.5000574390834432
3.955054421 0.5003335507495041
3.956405652 0.5005835290609378
3.9577568839999997 0.5008071528674847
3.959108115 0.5010121256660933
3.960459347 0.5012030392127035
3.961810578 0.5013791639655447
3.96316181 0.5015388838419103
3.964513041 0.5016899792143115
3.965864273 0.5018276641060747
3.967215504 0.5019534465930673
3.968566735 0.5020753248275104
3.9699179669999998 0.5026998657173434
3.971269198 0.5028637767472715
3.97262043 0.5029811554606602
3.973971661 0.5030975726610221
3.975322893 0.5032090724791697
3.976674124 0.5033197647866057
3.978025355 0.5040118063933746
3.9793765870000004 0.5041176632511419
3.9807278179999996 0.5042152420939268
3.98207905 0.5043076619819876
3.983430281 0.504395916954992
3.9847815129999997 0.5044811810631915
3.986132744 0.5045674123326792
3.987483976 0.5046525158673744
3.988835207 0.5047322697320482
3.9901864380000003 0.5048148052985437
3.99153767 0.5048970937542527
3.9928889009999997 0.5049753468847565
3.994240133 0.5050550058376561
3.995591364 0.505135429517704
3.996942596 0.5052124204810765
3.998293827 0.5052861444382353
3.999645058 0.5053617603818013
4.00099629 0.5054261936251196
4.002347521 0.5054835199974049
4.003698753 0.5055439356640322
4.005049984 0.505603118537719
4.006401216 0.5056598940644513
4.007752447 0.5057178882438016
4.009103679 0.5057786433491023
4.01045491 0.5058592053164637
4.011806141 0.5059850386827649
4.013157373 0.5061153633937607
4.014508604 0.5062421413141098
4.015859836 0.5063672284284744
4.017211067 0.5064933802919576
4.018562299 0.5069460281149301
4.01991353 0.5073221503136893
4.021264761 0.5079472777737917
4.022615993 0.5080096514429489
4.023967224 0.5080689699494859
4.025318456 0.5081309707040605
4.026669687 0.5081959065071574
4.028020919 0.5082603486502235
4.02937215 0.5083236222720788
4.030723382 0.5083886201962123
4.032074613 0.5084514853619961
4.033425844 0.5085098472771948
4.034777076 0.508570732069123
4.036128307 0.5086319146515483
4.037479539 0.5086912043413774
4.03883077 0.508750719892042
4.040182002 0.5088245480993413
4.041533233 0.5089572947782289
4.042884465 0.5090888347071296
4.044235696 0.5092250936074911
4.0455869269999996 0.5093606040808156
4.046938159 0.5094933567541016
4.04828939 0.5096258215526251
4.049640622 0.5097594953668343
4.050991853 0.509835424200073
4.052343085 0.5098914279883722
4.053694316 0.5099489515027097
4.055045547 0.5100034515940772
4.056396779 0.5100560497430929
4.05774801 0.5101102622573781
4.059099241999999 0.510166081050037
4.0604504729999995 0.5104811442548891
4.061801705 0.5108569461213893
4.063152936 0.5109111607436039
4.064504168 0.5109607986833822
4.065855399 0.5110061218276929
4.06720663 0.5110511019990657
4.0685578620000005 0.5110929844519718
4.069909093000001 0.5111274290333095
4.071260325 0.5112275101303297
4.072611556 0.5116768230290643
4.073962788 0.5119964450768526
4.075314019 0.5120950818128072
4.07666525 0.5121969638323606
4.078016482 0.5122957060061235
4.079367713 0.5123914365779725
4.080718945 0.5124527141067468
4.082070176 0.5124804357284154
4.083421408 0.5125029841461657
4.084772639 0.5125234034697239
4.086123871 0.5125461633181134
4.087475102 0.5125644360645221
4.088826333 0.5125822775266031
4.090177565 0.5126028225074879
4.091528796 0.512623574847232
4.092880028 0.5126420673654167
4.094231259 0.5126634209265258
4.095582491 0.5126892144565786
4.096933722 0.5127123086000329
4.098284953 0.5127365268988573
4.0996361850000005 0.5127631257099711
4.100987416 0.5127410763464716
4.102338648 0.5126966850819659
4.103689878999999 0.5130607347300398
4.105041110999999 0.513202786903799
4.106392342 0.5131608251744804
4.107743574 0.5131198652917935
4.109094805 0.5130836184273987
4.110446036 0.5130694014840768
4.111797268 0.513095838745086
4.113148499 0.5131274728240565
4.1144997309999995 0.5131600917382703
4.115850962000001 0.5131904886342857
4.117202194000001 0.5132185831080818
4.118553425 0.5135637323819839
4.119904657 0.5138442917744456
4.121255887999999 0.513873051901729
4.122607119 0.5139024047289829
4.123958351000001 0.5139318986712765
4.125309582 0.5139575528251941
4.126660814 0.5139827651320164
4.128012045 0.5140117454720536
4.129363277 0.514038002138637
4.130714508 0.5140252410816187
4.132065739 0.5139789473408944
4.133416971 0.5139316904683111
4.134768202 0.5138769556417756
4.136119434 0.513819321266666
4.1374706649999995 0.5137591698840585
4.138821897 0.5136939504597655
4.140173128000001 0.5136377186052217
4.14152436 0.5136939352134224
4.142875591 0.5137479847669753
4.144226821999999 0.5137964315784038
4.145578054 0.5138428127975732
4.146929285000001 0.5138892217098974
4.148280517 0.5145201632253205
4.149631748 0.5145548726288534
4.15098298 0.5145394872853937
4.152334211 0.5145020265006154
4.153685442 0.5144588363388236
4.155036674 0.5144092395499351
4.156387905 0.5143575153286412
4.157739136999999 0.5142991999423261
4.159090368 0.5142346439690872
4.1604416 0.5144202903223254
4.161792831 0.5146762705830149
4.163144063 0.5146092886130826
4.164495294 0.5145381129752009
4.165846525 0.5144668653924843
4.167197757 0.5143917374482279
4.1685489879999995 0.5143063316543666
4.169900220000001 0.5142185687570519
4.171251451 0.514134180236913
4.172602683 0.5140442870516755
4.173953914 0.5139502963195669
4.1753051459999995 0.5138539704801902
4.1766563770000005 0.5137559531784114
4.178007608 0.5136528062491172
4.17935884 0.5135491664391698
4.180710071 0.5134463390866859
4.182061303 0.5133424978120193
4.183412534 0.5132351678725725
4.184763766 0.5131297722560584
4.186114997 0.5130249359593522
4.187466228 0.5129172877433427
4.18881746 0.512806902990359
4.190168691 0.5126969717088239
4.1915199229999995 0.5125803144806167
4.1928711540000005 0.5124605806799092
4.194222386000001 0.5129278455536874
4.195573617 0.5128110388436177
4.196924849 0.5126934899092003
4.198276079999999 0.5125759604297834
4.199627311 0.5124637444957243
4.200978543 0.5123514214302478
4.202329774 0.5122384444758004
4.203681006 0.512511913294023
4.205032237 0.5125848145478948
4.206383469 0.512477155753425
4.2077347 0.5123697273226293
4.209085931 0.512264298254697
4.210437163 0.5121672189752964
4.211788394 0.5120802341439006
4.213139626 0.5119936639088976
4.2144908569999995 0.5119101126521228
4.215842089 0.5118292701579753
4.217193320000001 0.5117474418387442
4.218544552 0.5116678768351417
4.219895783 0.5115918787288839
4.221247013999999 0.5115061712391593
4.2225982459999996 0.5114192704066995
4.223949477 0.5113352431385445
4.225300709 0.5112524450306583
4.22665194 0.5111670692071852
4.228003171999999 0.5110786187401064
4.229354403 0.5109902226661125
4.2307056339999995 0.5109012805858959
4.232056866 0.5108084532645927
4.233408097000001 0.5107119046417019
4.234759329 0.5106159665337398
4.23611056 0.5105200430423806
4.237461792 0.5104256248246322
4.238813023 0.5103375971294899
4.240164255 0.5102557072231404
4.241515486 0.5101694338526219
4.242866717 0.5105925493591432
4.244217949 0.5105948040530528
4.24556918 0.5105225659166157
4.246920412000001 0.5104492468750856
4.248271643 0.5109383093934854
4.249622875 0.5108652049150291
4.250974105999999 0.5107819462986645
4.2523253379999995 0.5106926299541862
4.2536765690000005 0.5106035334919993
4.2550278 0.5105164312545782
4.256379032 0.5104290558998166
4.257730263 0.5103418286376551
4.259081495 0.5102564351654869
4.260432726 0.5098672074688283
4.261783958 0.5088287628987352
4.263135189 0.5077903588076582
4.26448642 0.5067527887350545
4.265837652 0.5057131831036492
4.267188883 0.504669004546657
4.2685401149999995 0.5036221374463586
4.2698913460000005 0.5025738477371553
4.271242578000001 0.5010821473659849
4.272593809 0.49954871504916554
4.273945041 0.49801508597770755
4.275296271999999 0.49648250295680507
4.276647503 0.49494905052470717
4.277998735 0.4934155199715168
4.279349966 0.4918846848313704
4.280701198 0.492318576564416
4.282052429 0.4945693831553668
4.283403661 0.4968174297589045
4.284754892 0.49906331023177253
4.286106123 0.5013054186489143
4.287457355 0.503542253978738
4.288808586 0.5057758113299047
4.290159818 0.5077395820882076
4.2915110489999995 0.5077017261600485
4.292862281 0.5076618773118489
4.294213512000001 0.5083053739398465
4.295564744 0.5087232340504995
4.296915975 0.5086844871907488
4.298267206 0.5086452870974261
4.299618438 0.5086067470831799
4.300969669 0.5085107532770532
4.302320901 0.5083899723497585
4.303672132 0.5082671704365034
4.305023363999999 0.5081444497564311
4.306374595 0.5080211956398937
4.3077258259999995 0.5078959357060455
4.309077058 0.5077695922014853
4.310428289000001 0.5076430502893037
4.311779521 0.5075136954388324
4.313130752 0.5073834414811917
4.314481984 0.5072533474075646
4.315833215 0.507124240306739
4.317184447 0.5069946104600754
4.318535678 0.5068635921126591
4.319886909 0.5067322589651623
4.321238141 0.5066148557826773
4.322589372 0.5064971188382121
4.323940604000001 0.5063770486986907
4.325291835 0.5062560020999047
4.326643067 0.5061341587388825
4.327994297999999 0.5060105345189434
4.329345529999999 0.5058851628323501
4.3306967610000004 0.5057553296984987
4.332047992 0.5056207686893872
4.333399224 0.5054851357601529
4.334750455 0.5053482294349496
4.336101687 0.5052121081719453
4.337452918 0.5050754311192537
4.33880415 0.5049375659196862
4.340155381 0.5047973615344938
4.341506612 0.5046544114348567
4.342857844 0.5045080355402957
4.344209075 0.5043581228279113
4.3455603069999995 0.5045149367642933
4.3469115380000005 0.5046027657196349
4.34826277 0.5044399006578659
4.349614001 0.504261468604091
4.350965233 0.5040750792332138
4.352316464 0.504459752614541
4.353667695 0.5042659748447711
4.355018927 0.5040685964135061
4.356370158 0.5038666925540526
4.35772139 0.5036612038144257
4.359072621 0.5034498346703655
4.360423853 0.5032370274254294
4.361775084 0.5030283665417311
4.363126315000001 0.502813820288448
4.364477547000001 0.5025925382750606
4.365828778 0.5023647447590707
4.36718001 0.5021313623282055
4.3685312409999995 0.5018923685043775
4.369882473 0.5016481054630182
4.371233704 0.5013945443825392
4.372584936 0.5011367369849042
4.373936167 0.5008740225923558
4.375287398 0.5006069376023378
4.37663863 0.500334711267623
4.377989861 0.5000597062304093
4.379341093 0.49978031647425325
4.380692324 0.4995026867028106
4.382043555999999 0.4992248701963093
4.383394787 0.4989444301711524
4.3847460179999995 0.4986608628514001
4.38609725 0.49837590079046035
4.387448481000001 0.4980884779428984
4.388799713 0.4978008443022618
4.390150944 0.4975119995882894
4.391502176 0.4972211263794135
4.392853407 0.49693103676865713
4.394204639 0.4966430369155791
4.39555587 0.49635707555319053
4.396907101 0.4961032804696403
4.398258332999999 0.4958664723036986
4.399609564 0.4956314919108141
4.400960796000001 0.4953986547960082
4.402312027 0.49516721877530806
4.403663259 0.4949396686108732
4.405014489999999 0.4947226776393727
4.406365721999999 0.49503822594893787
4.407716953 0.4948221142453595
4.409068184 0.49461271442641425
4.410419416 0.49440779746170527
4.411770647 0.4942087977518794
4.413121879 0.4940839374649276
4.41447311 0.4943910582538824
4.415824342 0.4942091287109134
4.417175573000001 0.4940331578493158
4.418526804 0.493861589066693
4.419878036 0.49369413908810383
4.421229266999999 0.4935331889207861
4.4225804989999995 0.49337627755299945
4.4239317300000005 0.49322433121030673
4.425282962 0.4930759475978851
4.426634193 0.4929332681311993
4.427985425 0.49279348885859486
4.429336656 0.49265905830475953
4.430687887 0.4925232400146844
4.432039119 0.49238787514921656
4.43339035 0.4922552928077416
4.434741582 0.49212750156977236
4.436092813 0.49200278324657526
4.437444045 0.4918813176923516
4.438795276 0.4917625392259867
4.440146507000001 0.49164728484371034
4.441497739000001 0.49154049320575993
4.44284897 0.4914351464850708
4.444200202 0.49132926189134796
4.445551432999999 0.49120519936035495
4.446902665 0.49108357897063304
4.448253896 0.4909612846964948
4.449605128 0.4908408260799498
4.450956359 0.4907170890690755
4.45230759 0.49059375864592425
4.453658822 0.49046921196636495
4.455010053 0.4903445235937529
4.456361285 0.49021974788154715
4.457712516 0.49009509775871285
4.459063747999999 0.48997022243443555
4.460414979 0.4898451408423046
4.4617662110000005 0.4897235610931238
4.463117442 0.4896015125805672
4.464468673000001 0.4894801070845922
4.465819905 0.4893559143967562
4.467171136 0.489231851585114
4.468522368 0.48910570070756704
4.469873599 0.48897894530454983
4.471224831000001 0.4888488213460232
4.472576062 0.4887174377609347
4.473927293 0.48858454143444885
4.475278524999999 0.48844969447261766
4.476629756 0.4886500371464897
4.4779809880000006 0.4887077565180121
4.479332219 0.48856659683908965
4.480683451 0.4884216645747793
4.482034682 0.4882745634070087
4.483385914 0.4881230888553172
4.484737145 0.4883796282168143
4.486088376 0.48836874598600105
4.487439608 0.4882095878707021
4.488790839 0.48804798063998817
4.490142071 0.48788419448261466
4.491493302 0.4877143605839716
4.492844534 0.48754014046141614
4.494195765000001 0.4873622870663924
4.495546996 0.487171546111425
4.496898228 0.48697959929358337
4.498249458999999 0.486782455002448
4.4996006909999995 0.48658241257652113
4.5009519220000005 0.4863844084234332
4.502303154 0.48618684550589025
4.503654385 0.48598431753542315
4.505005617 0.48577622243687335
4.506356848 0.48556560232402723
4.507708079 0.485350528960129
4.509059311 0.4851322534973102
4.510410542 0.48490723869308494
4.511761774 0.48467918856415604
4.513113005 0.4844468377120223
4.514464237 0.48421233369329575
4.5158154679999996 0.48397293940162234
4.517166699000001 0.4837298665176291
4.518517931 0.48348487218414277
4.519869162 0.48323564152045784
4.521220394 0.48298582242985777
4.522571624999999 0.482730483753097
4.523922857 0.48247370267004674
4.525274088 0.4822116749684643
4.52662532 0.48194580453115765
4.527976551 0.4816746269381194
4.529327782 0.48140120161486594
4.530679014 0.48112299848787354
4.532030245 0.48083820638153574
4.533381477 0.4805517637887555
4.534732708 0.4802627539787691
4.53608394 0.47997553013904026
4.537435171 0.47968511515467294
4.5387864030000005 0.4793930262541872
4.540137634 0.47909869599068067
4.541488865 0.47880484900580256
4.542840097 0.47850959003599036
4.544191328 0.4782101024088081
4.5455425599999995 0.47790776234850646
4.5468937910000005 0.47760203975844595
4.548245023000001 0.4772975157863739
4.549596254 0.47699061777453566
4.550947485 0.4766892415051703
4.552298716999999 0.4763901662759006
4.553649948 0.47609243406777424
4.5550011800000005 0.47579509448614743
4.556352411 0.4754971332339027
4.557703643 0.47520229875549924
4.559054874 0.47490814310534935
4.560406106 0.4746147203293045
4.561757337 0.4747115379355625
4.563108568 0.4745424437298331
4.5644598 0.47424929701299356
4.565811031 0.473957202805269
4.567162263 0.4736656269635512
4.568513493999999 0.4733734143335155
4.569864726 0.4730856091337997
4.571215957000001 0.4729115137824298
4.572567188 0.4730430710023089
4.57391842 0.472751349223962
4.575269650999999 0.4724615867255718
4.5766208829999995 0.47217401562957045
4.5779721140000005 0.47188548718715173
4.579323346 0.4715967647485824
4.580674577 0.47130783275769383
4.582025809 0.4710231582292884
4.58337704 0.47073617894521325
4.584728271 0.47044805755088354
4.586079503 0.47015756462729497
4.587430734 0.46986571789423837
4.588781966 0.46957274227018264
4.590133197 0.46927326623461635
4.591484429 0.46896519199904696
4.5928356599999995 0.46865493366005806
4.5941868910000005 0.46834534412235884
4.595538123 0.46803112411948206
4.596889354 0.4677126771379986
4.598240586 0.46739233108701417
4.599591817 0.4670700885845401
4.6009430490000005 0.4667464404773227
4.60229428 0.4664154429155254
4.603645512 0.4660812195003038
4.604996743 0.4657426697789563
4.606347974 0.46539988275357747
4.607699206 0.465049785352185
4.609050437 0.4646915666438869
4.610401669 0.4643493840671702
4.611752900000001 0.4640486271499584
4.613104132 0.46374142494182985
4.614455363 0.463424367811607
4.6158065950000005 0.46310207102304646
4.617157826 0.46277625368755665
4.618509057 0.46244536760499044
4.619860289 0.4621085443524906
4.62121152 0.46169991389003273
4.622562751999999 0.4612804443175249
4.6239139830000004 0.46085478247337824
4.625265215000001 0.460422062177897
4.626616446 0.45998196890316256
4.627967677 0.4595359625668569
4.629318908999999 0.45908623069418136
4.63067014 0.4586300497306173
4.6320213720000005 0.4581686896252113
4.633372603 0.45770032073102607
4.634723835 0.45722898090638503
4.636075066 0.4567534564032196
4.637426298 0.45627007209970905
4.638777529 0.4557823921460249
4.64012876 0.455290604182533
4.641479992 0.45480042925132635
4.642831223 0.4543053073095913
4.644182455 0.45380550581251333
4.645533685999999 0.45330371861312047
4.646884918 0.4528010418379741
4.648236149000001 0.45229820968462764
4.64958738 0.45179018106375657
4.650938612 0.4512782589662651
4.652289842999999 0.4512555079157686
4.6536410749999995 0.4507387059972776
4.6549923060000005 0.45022099783778147
4.656343538 0.44970015413770914
4.657694769 0.4491820929413717
4.659046001 0.4486663461001205
4.660397232 0.4481551399072846
4.661748463 0.44764934189161043
4.663099695 0.44714615379120426
4.664450926000001 0.44664981246594126
4.665802158 0.4461580672209726
4.667153389 0.44567091204614606
4.668504621 0.44518579040162853
4.6698558519999995 0.44470753007375025
4.6712070830000005 0.4442391499315419
4.672558315 0.44377631521662264
4.673909546 0.4433188196015918
4.675260778 0.44286547083212435
4.676612009 0.4424209555456554
4.6779632410000005 0.44198353362496146
4.679314472 0.4415503282529703
4.680665704 0.4411184399639005
4.682016935 0.44068865356992043
4.683368166 0.44026967812041023
4.684719398 0.43985801446452905
4.686070629 0.43945359168490983
4.687421861 0.4390580974104359
4.688773092 0.43867373988652997
4.690124324 0.4383023832617546
4.691475555 0.43794184960660343
4.6928267869999996 0.4375893903564444
4.694178018 0.4372460750352839
4.695529249 0.4369135493687437
4.696880481 0.43659036105896554
4.698231712 0.43676732838611104
4.699582943999999 0.43645692651416756
4.700934175 0.4361577463094589
4.702285407000001 0.4358688822094748
4.703636638 0.4355861201824144
4.704987869 0.4353073993647337
4.706339100999999 0.43503801884779014
4.707690332 0.434777137989239
4.7090415640000005 0.43452445774017506
4.710392795 0.43429281556212296
4.711744027 0.4341067155234702
4.713095258 0.4339291288978807
4.71444649 0.43375813600377894
4.7157977209999995 0.433592459364548
4.717148952 0.4334278179349882
4.718500184000001 0.433266603522671
4.719851415 0.43311063613244427
4.721202647 0.4329036321805725
4.722553877999999 0.43269113758699285
4.72390511 0.4324780523593069
4.725256341000001 0.4322679016610571
4.726607572 0.4320607377142023
4.727958804 0.4318523542738394
4.729310035 0.4316431526706026
4.730661267 0.4314332576486999
4.7320124980000005 0.4312265097847264
4.73336373 0.4310206105171342
4.734714961 0.43114812799990454
4.736066193 0.43106996414892584
4.737417424 0.43085567534201796
4.738768654999999 0.4306419084803019
4.740119887 0.4304252512144705
4.741471118000001 0.43020600518198265
4.74282235 0.42998235596226175
4.744173581 0.4297553941950001
4.745524813 0.42952636477894807
4.7468760439999995 0.42929025244762087
4.748227276 0.4290464126190744
4.749578507 0.4287979940640885
4.750929738 0.42854571872924274
4.75228097 0.42829046685369654
4.753632201 0.4280275962936254
4.7549834330000005 0.42775839685057204
4.756334664 0.42748686073692044
4.757685896 0.42721263950444965
4.759037127 0.4269349201012681
4.760388358 0.426651181389214
4.76173959 0.4263658219523654
4.763090821 0.4260620311808212
4.764442053 0.4257510865379475
4.765793284 0.425435091816575
4.767144516 0.42511155539495893
4.768495747 0.42478455269289284
4.7698469789999995 0.42445618912894434
4.77119821 0.4241228699210605
4.772549441 0.4237850320932191
4.773900673 0.42344195163869264
4.775251904 0.42309866298994214
4.776603135999999 0.42275624648121557
4.777954367 0.42241135882683145
4.779305599000001 0.42206417954065323
4.78065683 0.42171103361081574
4.782008061000001 0.42135679338965115
4.783359293 0.4210055540277277
4.784710524 0.42065333694519913
4.7860617560000005 0.42030065201882216
4.787412987 0.4199488410280028
4.788764219 0.41960179646712525
4.79011545 0.4192580642087127
4.791466682 0.41891620479425296
4.7928179129999995 0.4185749408041722
4.7941691440000005 0.41823628828413784
4.795520376000001 0.41790305080655016
4.796871607 0.417572810636261
4.798222839 0.4172427613290046
4.799574069999999 0.4169152563622649
4.800925302 0.4165953077320909
4.802276533000001 0.41628258670057927
4.803627764 0.41597260322605567
4.804978996 0.41566303866979626
4.806330227 0.4153577559730215
4.807681459 0.41505841202837335
4.80903269 0.4152183133747597
4.810383922 0.4149250647511952
4.811735153 0.41462650104240617
4.813086384999999 0.4143327703412406
4.814437616 0.4140448522014951
4.815788846999999 0.4137606682626186
4.817140079 0.41347660254437163
4.818491310000001 0.41319148588856436
4.819842542 0.4129086739536862
4.821193773 0.4126358535950696
4.822545005 0.4123635862512065
4.8238962359999995 0.4120885299825759
4.825247468 0.4118106585629724
4.826598699 0.41153397810079095
4.82794993 0.41125819681057374
4.829301162 0.41097917873860246
4.830652393 0.41069329346816213
4.8320036250000005 0.41040091428588854
4.833354856 0.41010846652149424
4.834706088 0.40981480842167406
4.836057318999999 0.4095147309010933
4.83740855 0.40920659153031547
4.838759782 0.40889068130494555
4.840111013 0.4085695672984544
4.841462245 0.4082404233269965
4.842813476 0.4078990955073605
4.844164708 0.40754513955243293
4.845515939 0.4071797387644146
4.8468671709999995 0.40680551865302494
4.8482184020000005 0.40642124496435283
4.849569633 0.4060216631889396
4.850920865 0.4056153054792111
4.852272096 0.4052001003330546
4.853623327999999 0.40477521497490365
4.854974559 0.4043390580626052
4.856325791000001 0.40388624535686013
4.857677022 0.40341910251518454
4.859028253 0.402939292179126
4.860379485 0.40244828860456894
4.861730716 0.40194336955156706
4.863081948 0.40142142832661276
4.864433179 0.40088473465983887
4.865784411 0.4003349034469834
4.867135642 0.3997732987920736
4.868486874 0.3991974303136929
4.8698381049999995 0.3986048056384721
4.8711893360000005 0.3979934619198808
4.872540568000001 0.39737042910420095
4.873891799 0.39673784289406683
4.875243031 0.3960933140866958
4.876594261999999 0.39569251990792426
4.8779454939999995 0.39519999274281936
4.879296725000001 0.3943668551067956
4.880647956 0.39352420209087124
4.881999188 0.39267647427731706
4.883350419 0.3918205523588051
4.884701651 0.39095939731969725
4.8860528819999995 0.3900968559640972
4.887404114 0.38923235353297897
4.888755345 0.38836358993133613
4.890106576999999 0.3874904391341554
4.891457808 0.38661383084596745
4.892809038999999 0.38573934584182457
4.894160271 0.3848658715848009
4.895511502000001 0.38399101871753294
4.896862734 0.3831148981339396
4.898213965 0.38224039129926685
4.899565197 0.38137080173089705
4.900916428 0.3805046720445987
4.902267660000001 0.37963993520437256
4.903618891 0.3787771256335718
4.904970122 0.37791957315420077
4.906321354 0.3770687777057785
4.907672585 0.37622318968106505
4.9090238170000005 0.37537894902369395
4.910375048 0.3745357027625994
4.91172628 0.3736970784310829
4.913077511 0.37286203973055076
4.914428742 0.3720278347016137
4.915779974 0.37118936741473463
4.917131205 0.37034575243255424
4.918482437 0.36949735102910497
4.919833668 0.36864477457523537
4.9211849 0.3677798626416855
4.922536131 0.36690004742768245
4.9238873629999995 0.36600431385356946
4.9252385940000005 0.3650918129190853
4.926589825 0.3641640200940467
4.927941057 0.3632122184504868
4.929292288 0.3622337433900109
4.930643519999999 0.36122361550397253
4.931994751 0.3601821042621388
4.933345983000001 0.35910857025121223
4.934697214 0.35799301867359523
4.936048445 0.35683401095289696
4.937399677 0.35561955632186304
4.938750908 0.35435517592582966
4.94010214 0.35303367193946894
4.941453371 0.3518249829124621
4.942804603 0.3505831966083017
4.944155834 0.34905303902326623
4.945507066 0.34745321108881355
4.9468582969999995 0.34576941205087186
4.9482095280000005 0.34400679276045293
4.949560760000001 0.34215387759827137
4.950911991 0.3402089817295152
4.952263223 0.33817667229186343
4.953614453999999 0.3360449369784406
4.9549656859999995 0.33382476251694904
4.9563169170000005 0.33149438102104517
4.957668148 0.3290667465834275
4.95901938 0.3265353084685374
4.960370611 0.32390277171068027
4.961721843 0.3211725927361869
4.9630730739999995 0.318330806101949
4.964424306 0.3153953192807375
4.965775537000001 0.3123486117166861
4.967126769 0.3092129970063054
4.968478 0.30597730689983116
4.969829230999999 0.30264605786147764
4.971180463 0.2992292509019232
4.972531694000001 0.2957178422456739
4.973882926 0.2921339113147898
4.975234157 0.2884571731000481
4.976585389 0.2847111601425618
4.97793662 0.28088506054043516
4.979287852000001 0.27699317516865424
4.980639083 0.2730402757049962
4.981990314 0.26902500140426044
4.983341545999999 0.26496247460711614
4.984692777 0.26083933328769826
4.986044009 0.25668351594675703
4.98739524 0.2524848568961004
4.988746472 0.24825991120266083
4.990097703 0.24400624343649668
4.991448934 0.23972796659047219
4.992800166 0.23543708677659225
4.9941513969999995 0.23112976024185594
4.995502629 0.22682611105273315
4.99685386 0.22251235479579745
4.998205092 0.2182052822517781
4.999556323 0.2139014601662621
5.0009075549999995 0.209632133582215
5.0022587860000005 0.2053891524975493
5.003610017 0.20116082663774537
5.004961249 0.1969564267262098
5.006312479999999 0.19276923096469473
5.007663711999999 0.18861724295031845
5.009014943 0.18469342420097717
5.010366175 0.18060092843632222
5.011717406 0.17654219470103727
5.013068637 0.17252079679411292
5.014419869 0.1685416475956703
5.0157711 0.1646027081590984
5.017122332 0.1607113719099048
5.018473563 0.15686032711456857
5.019824795000001 0.15305934080306785
5.021176026 0.1493035211936525
5.022527258 0.1455994050698679
5.0238784889999994 0.14194390987074879
5.0252297200000005 0.1383370471530776
5.026580952000001 0.13478028375124956
5.027932183 0.1312705641319531
5.029283415 0.12781424395610796
5.030634646 0.12440336005469108
5.031985878 0.12104393209560768
5.033337109 0.11772777796789327
5.034688341 0.11446044965049491
5.036039572 0.1112393469335328
5.037390803 0.10806552344125561
5.038742035 0.10493871257413041
5.0400932659999995 0.1018551018529749
5.041444498 0.09882002066093053
5.042795729000001 0.09582689642411103
5.044146961 0.09288461841147289
5.045498192 0.08998378432418977
5.046849422999999 0.08713050342631021
5.048200655 0.08432000499638494
5.049551886000001 0.08155544614685167
5.050903118 0.07883642083950657
5.052254349 0.07616121325671461
5.053605581 0.07353278884910636
5.054956812 0.07094564101830542
5.056308044000001 0.06840815728763305
5.057659275 0.06591294663405063
5.059010506 0.06346799614411198
5.060361737999999 0.06106601236649875
5.061712969 0.058712489621252036
5.063064201 0.056406382404797596
5.064415432 0.054165257949277644
5.065766664 0.05197309123146582
5.067117895 0.04982810041379239
5.068469126 0.04773509972917672
5.069820358 0.04568994236966713
5.0711715889999995 0.04370048868511181
5.072522821 0.041761831889339254
5.073874052 0.039879781028242106
5.075225284 0.038050299154879036
5.076576515 0.03627693796600931
5.0779277469999995 0.03459359376993809
5.0792789780000005 0.03293230083519812
5.080630209 0.03132491911644832
5.081981441 0.02977259549641177
5.083332671999999 0.028277295070189182
5.084683904 0.026836108752862124
5.086035135 0.02545217815763472
5.087386367 0.0241221751207164
5.088737598 0.022847871142771602
5.090088829 0.02162653128502013
5.091440061 0.020458874224449194
5.092791292 0.019343258179320515
5.094142524 0.018279138714258153
5.095493755000001 0.017265203122898386
5.096844987000001 0.01629976017443967
5.098196218 0.015381929266180733
5.09954745 0.014509641314999547
